15931
18971
7940
19011
19111
19151
19181
7580
19191
19401
19441
19511
19571
19601
19611
19631
19641
19661
19691
19821
19851
19891
7510
19921
19941
7860
20061
20081
20121
20131
20151
20181
20191
20211
20221
20231
20251
20261
20281
20301
20311
20321
20331
20361
20371
20401
20461
20471
20651
20661
20671
20831
20911
21011
21021
21031
21131
21141
21151
21161
21171
21181
21191
21211
21271
21291
21301
21351
21361
21401
21411
21501
21511
21521
21541
21581
21591
21601
21621
21651
21671
21681
21831
21901
21941
21991
22001
22011
22021
22031
22061
22071
22081
22101
22121
22131
22141
7950
