1031
1261
1271
1681
560
880
1640
1980
1701
2050
1791
450
990
1370
1851
1891
460
1030
1931
890
1941
1040
1110
1740
1991
2031
2181
1060
2231
2241
2251
2261
2301
1070
1530
2321
900
970
2331
580
590
1340
1630
2351
2361
1670
2371
2411
2461
2501
2511
2521
2531
2541
2551
2591
2611
2661
2701
2871
2891
2901
1970
2931
2941
2951
2971
2981
700
2991
3001
3011
3021
810
3031
3051
3061
3071
820
3081
3131
3141
1660
3181
3201
980
1290
3251
3291
3361
3381
910
1420
3431
3461
3481
3491
3551
3581
3611
3641
3671
3801
3831
3861
3891
3911
1000
1020
3951
1080
1120
3961
3971
4001
4061
4071
4081
4161
4181
4221
4281
4291
4761
4811
5361
5411
5541
5711
5811
5971
6001
6021
6031
6071
6241
6291
6351
6401
6421
6451
6581
6701
6711
6731
6821
6841
6871
6881
6891
